4194380
33
4194684
23
4194380
4194508
268501184
5
3
2
4
6
1
268501216

FACTORIAL
4194380
18
4194380
4194448
268501184
1
6
268501216

4194380
2
4194380
4194448
268501184
1
5
268501216

4194380
5
4194380
4194448
268501184
2
5
6
268501216

"00100000000011100000000000000000
00100001010011110000000000000000
00100001011110000000000000000000
10001101010011000000000000000000
00100001110011100000000000000001
00100000000011010000000000000001
00010001100000000000000000000110
01110001101011000110100000000010
00100001100011001111111111111111
00010101100000001111111111111101
10101101011011010000000000000000
00100001010010100000000000000100
00100001011010110000000000000100
00100001100011000000000000000001
10101101011011000000000000000000
00010101110010011111111111110011
00100001111010100000000000000000
00100011000010110000000000000000"


4194380
12
4194380
4194448
268501184
5
3
2
4
6
1
268501216

FIBONACCI

4194380
20
4194380
4194456
268501184
1
5
268501216

00100000000011110000000000000000
00100001010100010000000000000000
00100001011100100000000000000000
10001101010010000000000000000000
00100000000011000000000000000000
00100000000011010000000000000000
00100000000110000000000000000001
00100001111011110000000000000001
00100000000000010000000000000001
00000001000000010100000000100010
00000001100011010111000000100000
00000001100110000110100000100000
00000001110000000110000000100000
00010101000000001111111111111010
00100001010010100000000000000100
10101101011011010000000000000000
00100001011010110000000000000100
00010101001011111111111111110001
00100010001010100000000000000000
00100010010010110000000000000000